-6.880417764427122496e-01 1.246187221032797554e+00
-4.356234815953241579e-01 1.096393925291354154e+00
8.506095968458082801e-02 1.003619865229610442e+00
-7.402808485045986320e-01 1.286752087561216173e+00
-6.554584739164504015e-02 1.002148898241697506e+00
7.591409579683272568e-01 1.302254242415511021e+00
-8.649084123767778465e-01 1.397939346139831951e+00
6.153641162555558708e-01 1.195387143614233594e+00
7.848147401485854324e-01 1.324102511825718587e+00
-8.060707576112349226e-01 1.342851100627147964e+00
4.470815122991744772e-01 1.101616768991322548e+00
3.096383249752585609e-01 1.048322180065168752e+00
-4.102565004130116488e-01 1.085342189736361096e+00
-7.412041521539201039e-01 1.287500301720061913e+00
-3.248552469609300442e-01 1.053231133540194708e+00
5.564596997385109489e-01 1.158860225819241307e+00
8.526542864180073344e-01 1.386073574177858259e+00
6.665481493626077558e-01 1.230490592998601418e+00
6.355891060602085751e-01 1.208878758595916425e+00
-8.746702971961561879e-02 1.003827680010320744e+00
