1.290916950631548765e-01 9.834734216834709608e-01
-9.933747332064430946e-01 3.727701159086695415e-01
-2.842710561223600330e-01 9.223688941326241286e-01
-3.055292314982549495e-01 9.108763587457603395e-01
9.025201166872620639e-02 9.918876584799947160e-01
-7.127520221765795139e-01 6.016884785415118619e-01
-2.112925542697356995e-01 9.563373577637018785e-01
-5.957139650789573526e-01 7.012610054723998898e-01
-9.523900832599374588e-01 4.037146870473035110e-01
-5.114501745415336309e-01 7.698333000311303742e-01
-3.204192047303093815e-01 9.024261081437245924e-01
6.741675538242903887e-01 6.347640711466506769e-01
-3.584011606246852999e-01 8.794563100470854655e-01
2.007711238902933903e-01 9.604925586370584023e-01
-2.664686953488279997e-01 9.314567079968673058e-01
-1.081666647681656102e-01 9.883681517947233708e-01
-2.542232550844036876e-01 9.374147454815493496e-01
-9.548709602185720957e-01 4.018089505693954178e-01
-3.968200311844940487e-01 8.543057423465089117e-01
3.293856444759812874e-01 8.971834679406798241e-01
