7.528109509005231903e-01 9.719208139960038295e-01 -1.327505617081828904e-01
2.692764282989101865e-01 3.563334504002544367e-01 -2.436274307492460878e-01
9.559119425884375909e-01 7.418035633961540531e-01 -2.300411349160008667e-01
6.703678361260287932e-01 9.724775073814079240e-01 -1.260695413924981523e-01
6.840523837705229093e-01 1.062150641029613318e-02 -1.116394253316787682e-01
8.119887387534375778e-01 1.445384876954785014e-01 -2.243017721501854855e-01
1.508758202398585713e-01 2.923195916653437143e-01 -2.097851341792816293e-01
6.328117381840280276e-01 2.306258588984716473e-01 -2.704867131744682629e-01
4.134744393940223972e-01 4.571573701926855415e-01 -2.896248571995996279e-01
4.262084742209107935e-01 8.737378894443892374e-01 -1.547442672875123382e-01
8.460426937849283568e-01 4.313305025713930485e-01 -3.385191065214221973e-01
2.704115873558521344e-02 7.812676879110612704e-01 -1.709077261996807540e-01
7.248038078566322318e-01 6.485673091641230847e-02 -1.654364697376435600e-01
6.177616114860478014e-01 1.180967206998190244e-01 -1.942648781948261294e-01
6.288699155532673224e-01 1.230014642316494822e-01 -2.001735740100210048e-01
3.110961534443545951e-02 8.940374322457964595e-01 -9.476367347629022220e-02
7.446028150169810012e-01 5.588335546529522579e-01 -3.519749056276469390e-01
4.250647627056879374e-01 1.224921560468501536e-01 -1.516432700236257369e-01
2.989276895235112308e-01 4.472582377629700234e-01 -2.659450064101313016e-01
5.976200887218351410e-01 4.514000381050599087e-01 -3.335219626753471722e-01
