2.510562118510087259e+00 2.863631014195097357e+00
-6.935444944249715249e+00 -7.430658110851280362e+00
-5.492300203850284390e-01 8.120287387567337589e-02
-2.030462885214889823e+00 -2.528287453207085811e+00
9.744058541089440695e+00 1.072076573618396189e+01
-5.565634840792787585e+00 -5.657911030910309336e+00
-3.349449008468332600e+00 -3.991302185238055245e+00
-4.319907904440132285e+00 -4.173421552159599202e+00
7.342138799394547277e+00 7.196110625097388969e+00
-4.372972262222849515e+00 -3.769699153284086446e+00
-3.281777808684688935e+00 -3.923124961647526998e+00
-6.253544622122739760e+00 -4.933480658457654044e+00
2.912748742868949137e+00 4.054036757039302330e+00
-4.781459199477664512e+00 -5.213230298935188856e+00
-4.176141945600948091e+00 -4.829811568563293633e+00
-6.831595148084057101e+00 -6.060419296644607989e+00
-2.103737601846111360e+00 -2.729593047444244469e+00
2.559035991029681156e+00 3.154741706565161063e+00
1.375057242448612271e+00 2.657630368381969976e+00
-7.774534833123160738e+00 -8.125128163475190846e+00
-6.740597702268978253e+00 -5.414152065648482726e+00
-1.143440372297117591e+00 1.554187863962547267e-01
-6.223012097717230517e+00 -5.034048286601898070e+00
-8.381925481862426253e+00 -7.139276515762807307e+00
4.131164321976344311e+00 3.486936341975385822e+00
-7.948334083016501239e+00 -7.277593166793081991e+00
7.215477957154448063e-01 1.552308953993437157e+00
-5.736809066025097437e+00 -4.406342983871375907e+00
1.829915351875788687e+00 1.957726217849042438e+00
1.011209717499443883e-01 4.446795778165988366e-01
-7.022789527633084283e+00 -7.500485647628354791e+00
-6.332541260506863168e+00 -5.325196485852100814e+00
-2.524544417684553288e+00 -2.101193889760649025e+00
2.649432558904521784e+00 3.654322475162522288e+00
-9.078324130212983789e+00 -8.074730096927499545e+00
-8.609565028267171627e+00 -9.232396985121837929e+00
5.209958235069001020e+00 6.447989021093157191e+00
1.989345091990852410e+00 1.594334989333402453e+00
4.249338441940754052e+00 3.870435643987646390e+00
-7.474460976929613309e+00 -7.770776292100905813e+00
-1.439729265029647820e+00 -2.297855383087377135e-01
-7.409915741209278650e-01 1.142346459191728170e-01
6.278696844383489406e+00 7.600481331955785791e+00
1.461675011950426040e+00 2.639223280378607317e+00
-6.464997223371060642e+00 -6.948257444708223041e+00
-3.289407251382181485e+00 -3.940735232887555117e+00
-7.463151447544433381e+00 -7.881123753674715182e+00
-3.643931174886391844e+00 -2.657351773977035592e+00
9.428857890324323421e+00 1.056902139270285446e+01
4.782024976402416527e+00 4.346781046939200088e+00
-6.724791999820567412e-01 9.782502919001739849e-02
-3.932260876879296596e+00 -3.356092155103591157e+00
2.181328482289224269e-01 5.990301684944134841e-01
-7.839786854680712125e+00 -8.486280754218508804e+00
-8.032714477315552770e+00 -6.706795975423712974e+00
1.636131331710682701e+00 2.417589726625660074e+00
9.593865589733230337e-01 2.088577442446208909e+00
5.666918652994112904e+00 6.642969717030961618e+00
-9.924117412198720345e+00 -1.048141654032438197e+01
2.143251594742601185e-01 5.935776142126377719e-01
6.216276273122431917e-01 1.331836612243070483e+00
-8.532002549634004396e+00 -8.711463530584545367e+00
4.818269344990905978e+00 4.210942365525490949e+00
6.853343391415865682e+00 7.341624078408168330e+00
6.810993600335510934e+00 7.814361966859922681e+00
9.471698994654701664e+00 1.078928673848395725e+01
-8.211063611659753292e+00 -8.870214958874866440e+00
5.733202815514610862e+00 7.059686800573079957e+00
5.186186097457259336e-01 1.117685987144846127e+00
-9.926279240694579897e-01 1.741489553264928825e-01
-5.370228660443878255e+00 -5.572329709705781120e+00
1.911309007222277145e+00 1.755148270857469939e+00
-5.147341492983265709e+00 -3.835647673608421293e+00
6.882728446752082618e+00 6.970536940118585711e+00
-9.279776970444657991e+00 -9.907626827807298753e+00
-9.439437722162388411e+00 -8.198144309177838096e+00
5.442677981105134677e+00 4.800637471400899692e+00
-6.833126499983485758e+00 -6.080858236277649098e+00
-1.715151678279504210e+00 -1.183298600022903990e+00
-8.473538064888479937e+00 -7.700038589693703805e+00
3.298394098372035899e+00 2.638467657344160777e+00
4.211748162606747670e+00 3.649056964695437166e+00
-4.746469839763925336e+00 -4.925407797908250451e+00
5.100469186801785071e+00 6.205842567883292027e+00
-4.823310086549509990e+00 -5.446012492601398414e+00
-5.264035837978751076e+00 -4.395911341675319939e+00
5.734857968353729518e+00 7.063380714883255251e+00
-9.483695573289685044e+00 -8.231295741526411192e+00
9.685462123565965697e+00 9.593215156905035457e+00
9.860733280413501944e+00 1.034875440576054828e+01
8.853256780295954087e+00 9.345573366472146759e+00
-5.431707175572244140e+00 -6.040564450496390236e+00
9.074265099707677251e+00 1.002140874581159302e+01
1.963705663784942601e-01 5.682557430807823051e-01
2.182026673837992092e+00 1.516553000750326952e+00
-3.505554267397195112e+00 -3.446134509768445486e+00
-7.266502567421426306e+00 -6.364394369072489788e+00
8.596194070273451615e+00 7.931779449650638192e+00
-7.935344456141296021e+00 -7.464608619158933145e+00
2.877200844434643301e+00 4.121860050129453334e+00
9.925965314789600313e+00 9.352589295502937716e+00
2.606596583298482983e+00 3.429119602999822991e+00
6.340636014201663784e+00 7.268787516197811271e+00
-7.992428097502006779e+00 -6.793141233955664049e+00
-7.801350757038896688e+00 -8.389084994599915746e+00
6.074144713879512381e-01 1.301386276393078578e+00
3.396815620301945060e+00 2.873873952432071555e+00
6.159421186316532015e+00 6.729833019565925056e+00
-2.340831774681007005e-01 1.540176737956347464e-01
3.847307159706975455e+00 4.967800683774443726e+00
5.708185840655389143e+00 6.961275446674052958e+00
-3.294671591159108459e-01 1.122017409364599594e-01
1.449886018391541853e+00 2.645331441225543756e+00
-7.605489261818803470e+00 -6.310001990426632901e+00
8.114706268526447275e+00 8.572702330560149520e+00
1.578517142796222572e+00 2.516938388523800363e+00
-4.120929373524468531e+00 -4.743902339767528176e+00
-9.053405656610610919e+00 -8.441079631801908789e+00
-2.777583690707878361e+00 -1.453896764585900669e+00
9.564879258338592649e+00 9.526615899775057628e+00
-1.934528639479237810e+00 -2.166504799063921904e+00
-7.864841532185722350e+00 -8.359838493578170215e+00
-1.960624196153894161e+00 -2.273383977597677408e+00
-3.155671070563172975e+00 -3.330872254449144698e+00
2.570974337873753512e+00 3.225249484228499774e+00
-8.740931443433744619e+00 -7.563083144908596900e+00
6.434453370675324635e+00 6.235342340497520119e+00
-3.033260470278662524e+00 -2.477689521598221756e+00
-6.552909530995261633e+00 -7.082826542479914167e+00
8.766959540702057296e+00 1.009431024560471357e+01
3.697377238601282201e+00 4.923827688696600369e+00
-9.419383907760199293e+00 -8.396984972150635329e+00
-8.089101537473425196e+00 -7.241733389809449584e+00
2.419088403376539631e+00 2.334463561094410444e+00
8.553712510870703056e+00 8.097930956556073312e+00
3.376157779711743245e+00 2.789550391168741150e+00
-3.013806707929531647e+00 -2.345339716876281955e+00
-4.537454656790260721e+00 -3.218224003157484248e+00
5.918046403072040107e+00 5.802283085804254448e+00
9.852809681860591695e+00 1.049264278640213099e+01
-3.181139941426209816e+00 -3.488094780906016101e+00
-2.855301497365800856e+00 -1.566267438122369349e+00
-7.314483433688252489e-01 1.117403777573782730e-01
4.342077467429806603e+00 4.679491601059724282e+00
8.889948740731433929e+00 8.751445827763070895e+00
-4.637619088002205459e+00 -3.839282958410349167e+00
5.030802592464844736e-02 3.861722540284982519e-01
9.162469445267390711e+00 1.026151974130726607e+01
2.580039392238155926e+00 3.278172695067584019e+00
1.825761942515981673e+00 1.968455320060934044e+00
-4.044181598617266893e+00 -4.313995939727298889e+00
-6.435387470871079429e+00 -6.644635747468360165e+00
-6.095068833216372717e+00 -6.283781279163816791e+00
3.609763845985373365e+00 4.390647763607351983e+00
2.054763827232736872e+00 1.505921820261898691e+00
-5.732801227132435784e+00 -4.406865775768354254e+00
2.301482353975268680e+00 1.800790111656330073e+00
-7.924783008087272762e+00 -7.621112669512879023e+00
1.887480147061417313e+00 1.812150499589837427e+00
5.266468802189924858e+00 6.112771372444288254e+00
-9.058331364983002842e+00 -8.361557681095744599e+00
-2.512353734758656643e+00 -2.150288374707026051e+00
5.880072747472183892e+00 6.195670684621025437e+00
-8.352437770025515462e+00 -7.415369241719156790e+00
-4.355375402464449763e+00 -3.902589013937012297e+00
6.416350234124873708e+00 6.426732648071111775e+00
2.869594053939595213e+00 4.131373612339124257e+00
-1.578036580675430400e+00 -6.384083224572507653e-01
2.221985286016908034e+00 1.580486515996350594e+00
-4.654627168834634787e+00 -4.001421733171513395e+00
3.933152120025880549e+00 4.502514762238384982e+00
-3.069185473106770701e+00 -2.730973666684766599e+00
1.184072839656835185e+00 2.503198651877255543e+00
3.081454643180705943e+00 3.344261816027622292e+00
-9.798832386003507366e+00 -8.485143500627136959e+00
8.260917584798072255e+00 7.828454384330393978e+00
1.013044947312124577e+00 2.201745889885521557e+00
6.165303669446693391e+00 6.805464065272535557e+00
9.853679545491395686e+00 1.047715148989391309e+01
-4.176388861348854675e+00 -4.829724958090507059e+00
-8.811481307717805578e-01 1.529164970685865654e-01
1.451144396643783807e+00 2.644734258893191026e+00
-3.052581848846109835e+00 -2.612927834210756028e+00
5.753685003768243433e+00 7.080044588913047221e+00
-8.300573431218655429e+00 -8.181094637974032580e+00
6.133883754823791890e+00 6.392704286750503506e+00
-2.538323626991829229e+00 -2.045769301898315629e+00
9.778180652874262080e-01 2.128116259621190665e+00
1.878537154395907294e+00 1.834172203429576209e+00
2.440794671856234999e+00 2.454149616129235767e+00
-6.393421814115427537e-01 9.146149862104707706e-02
-4.142240441888231928e+00 -4.801643291272613467e+00
6.475095604801968108e-01 1.387935432852565043e+00
-7.670255936297005306e+00 -6.580756498016699041e+00
4.587396152727052367e-02 3.813117136535422724e-01
-8.665841991040627690e+00 -8.629372035121365414e+00
7.068669865372793737e+00 7.107066956696952431e+00
5.369515735620664643e+00 5.173896930360037061e+00
1.064851725447763187e+00 2.304258230709148147e+00
-3.680748450715006115e+00 -2.516061726983223945e+00
4.638281348242079716e+00 5.431170230472908145e+00
-7.238049434965352802e+00 -6.053805937998775200e+00
7.624347268669964706e+00 8.957617802197944457e+00
-5.433327738790401540e+00 -6.047938529260812324e+00
2.196934244195043462e+00 1.536773464024405733e+00
7.262882057743553332e+00 8.207449793672489946e+00
2.285574715768760257e+00 1.746878581098619376e+00
8.184552606888328086e+00 7.669221231228097402e+00
-8.931082598968629327e-01 1.559365912734981263e-01
-8.733793418897835892e+00 -7.629132936781251928e+00
8.983378777434634088e+00 8.486039467215556797e+00
2.639086709051758461e+00 3.602451213746816094e+00
-5.355155970436062951e+00 -5.414334998498254947e+00
5.886542300613822221e+00 6.126152323593027305e+00
3.286286597737476001e+00 2.638746014174286003e+00
-1.654879731886623517e+00 -9.293981577465681987e-01
-4.991246662352524233e+00 -4.876336160168897926e+00
9.250973601087576270e+00 8.897191795581496976e+00
1.453553695955495328e+00 2.643554364585861460e+00
5.135721158012673371e+00 6.415773389241552493e+00
-4.875946959537991177e-01 8.125378077730799342e-02
4.712747145264586379e+00 4.828985893418754394e+00
-5.061485580779319093e+00 -4.261152241476238167e+00
1.463567459182906205e+00 2.638135555686148770e+00
-4.712210058919747979e-01 8.234133547909158746e-02
2.667138560625385679e+00 3.738702023921029571e+00
-5.304500554683134084e+00 -4.834983965665935912e+00
9.756380187847707219e+00 1.089678463124931618e+01
9.661635227893569322e+00 9.211278559488295770e+00
7.072370137472603346e-01 1.520157522654861593e+00
3.850500005122816205e+00 4.955598925389842258e+00
-8.555632644040329637e-01 1.461201633625751617e-01
-1.054658018153297405e+00 1.753959170240209087e-01
-2.279881060386141911e-01 1.573004012374162597e-01
-3.091050291590353716e+00 -2.887166612962626111e+00
1.557338798201559626e+00 2.547261957360118956e+00
-3.050306860479210513e-01 1.212121761611562737e-01
-6.555221202476484876e+00 -7.069448702042021360e+00
2.257418695250478891e+00 1.663410078985028573e+00
-8.048699027491569069e+00 -6.786296062862568590e+00
-3.770684426381722965e+00 -2.440621237071188165e+00
-9.237370314323076315e+00 -9.388726943418632231e+00
-4.563889916779187317e+00 -3.312933813417589413e+00
-7.413913521952737895e+00 -8.080511067345632625e+00
8.761286154972630413e+00 1.007288224364988594e+01
7.754673097166580931e+00 7.657824384902316872e+00
9.372886170324385091e+00 9.592864535751642663e+00
2.656886695713255975e+00 3.690551394528528206e+00
5.486118262514256827e+00 4.851126589419241242e+00
3.070109921517843787e+00 3.402646285502624046e+00
-5.705797846505680226e+00 -4.463746460573478458e+00
5.136925674757629068e+00 6.420890378112976471e+00
-4.718167859144653420e+00 -4.651526806135414915e+00
6.646405684321216256e+00 7.170965337123858419e+00
2.778840049544651691e+00 4.103470127345423712e+00
-1.362634838767071699e+00 -6.991510793238209232e-02
-9.948950048165238869e+00 -1.061538691957523817e+01
7.611739308587115005e+00 8.928756826528653434e+00
7.045520030689637281e+00 6.792840113305389060e+00
-8.826865344026000315e+00 -7.907409712002098523e+00
6.095288505815297242e+00 5.908861945956508599e+00
1.257906699760983571e+00 2.591173529496129113e+00
3.101565435103230683e+00 3.241200723378192095e+00
-6.295888954596470910e+00 -5.029618318405971067e+00
-4.578905268221136637e+00 -3.390974502093785148e+00
-8.440123150620973291e+00 -7.254183814405384290e+00
-7.664951036425817321e+00 -6.524776184074211116e+00
1.396830845813978428e+00 2.658702616526404050e+00
4.665566504049778018e+00 5.220678100525139698e+00
-8.404756670989097955e+00 -7.072476558057021023e+00
4.352614999606654322e+00 4.781503728697804156e+00
8.769550000431859615e+00 1.010083521381385374e+01
-5.522203120660060804e+00 -5.985197352839680462e+00
4.121756943965301900e+00 3.496811891364887792e+00
-2.268158746830827965e+00 -2.842890646215520789e+00
-7.680637339388754370e+00 -6.704563296196548450e+00
3.638254070477415780e-01 8.291414546198303537e-01
2.929715969696349731e+00 4.008720963322782715e+00
5.247501248343533931e+00 6.253691948196536288e+00
8.051092791255147318e+00 9.298553613481356450e+00
5.010751384487278415e+00 5.318975565418212703e+00
6.476848542232744421e+00 5.914989552850418164e+00
8.006650758791600708e+00 9.296438693609140103e+00
-4.217517790442784076e-01 8.851962724611134314e-02
-2.052579322391975936e+00 -2.597160531493267754e+00
-2.080489424200752779e+00 -2.674347324728949982e+00
8.519760768115510530e+00 8.529341983754495260e+00
7.263116311759432620e+00 8.204987390423143623e+00
5.015385178893588147e+00 5.370064154866088124e+00
-8.219548200018149231e+00 -8.886074914126401936e+00
5.549133785888084702e+00 5.298959837832351027e+00
-4.884957225744028797e+00 -5.506705230308136301e+00
-8.535796455368151570e+00 -8.769735616810867995e+00
5.416992838402183708e-01 1.164277697514011889e+00
4.104808623785416444e-01 9.115125935799017753e-01
-9.240757239880032614e+00 -9.445870630467942064e+00
-9.991674272776190691e+00 -1.030057563544271204e+01
2.484162585992560679e+00 2.705609136053408026e+00
-4.807214714398098110e+00 -5.373180715173880628e+00
-8.545273768779274803e+00 -8.904529913336020286e+00
-8.775544950418460388e+00 -7.443058947423302207e+00
-5.486560520240195693e+00 -6.120329097424304088e+00
-8.210461409519176357e-01 1.364947181992406944e-01
-8.132739902398979481e+00 -7.966629828903410093e+00
9.418615300133808432e+00 1.043044943696738791e+01
4.958037076874289184e+00 4.768163602438921345e+00
-4.900258632444247198e+00 -5.467115718337680619e+00
7.569615679230754068e+00 8.584890462674188427e+00
-4.691680177330472823e+00 -4.379059673897335969e+00
7.073922972721643276e+00 7.184056137168497891e+00
5.908385547714896546e+00 5.897411845986187728e+00
-7.475186968877514104e+00 -7.763033634639532110e+00
-3.410766456265294622e+00 -3.880868436427935553e+00
7.298936054506416582e+00 7.764488666994690647e+00
3.507312374889263396e+00 3.578610479099093578e+00
-1.533642741043534485e+00 -4.902851926849257636e-01
2.873583187897601476e+00 4.126609421267033895e+00
3.778491883719842903e+00 5.102064367377930232e+00
-4.166221123206039323e+00 -4.829797348413253921e+00
-9.905529843023108683e+00 -1.023917732454682650e+01
2.296681606679376486e+00 1.784014412191308407e+00
5.693208826352609719e+00 6.866225679407632398e+00
-6.253043840650940766e+00 -4.934016131237151548e+00
-2.635256630899645458e+00 -1.687707210162780358e+00
-9.203048484022778197e+00 -8.743155222249455960e+00
-9.080578168840878206e+00 -8.047178144414395717e+00
2.340879772211382104e+00 1.954445710351299326e+00
-7.931418685825850190e+00 -7.522607902656728740e+00
-2.358354798606843161e+00 -2.685418935231688398e+00
-1.884894062464459452e+00 -1.951300539167576176e+00
-9.904195254872776744e+00 -1.021791378951272478e+01
7.942297634093780090e-01 1.717354828693807622e+00
2.451853415937002012e+00 2.516913492193546986e+00
-9.719947731860610673e+00 -9.159022170277495434e+00
-2.893288730801167219e+00 -1.690717725593666287e+00
-7.849838282272278533e+00 -8.452787193112399677e+00
-6.952693386641568551e+00 -7.557096605359473251e+00
3.882487428864036971e+00 4.808398037684654014e+00
1.430108219939452141e+00 2.653002490741107611e+00
1.682820450667108503e-01 5.299304401603920356e-01
5.563119320481726859e+00 5.445680689146176867e+00
5.602017036960493357e+00 5.902024888354993948e+00
-1.547060485173261668e+00 -5.334090940757112431e-01
-2.271343451982339445e-01 1.577661172288440938e-01
-5.615510659829205942e+00 -5.164417772390359929e+00
3.440595723919770421e+00 3.108049841161656168e+00
5.052815037314477564e+00 5.773906857477225429e+00
8.410952753232034951e+00 9.742587617436178959e+00
-4.022425702212705900e+00 -4.143712130091831369e+00
4.728770307175839349e+00 4.700376291872281342e+00
-2.552913376169987814e+00 -1.987533236415829130e+00
-9.781232155009982776e+00 -8.458548593353993894e+00
9.887675966699472241e+00 9.853096148302430635e+00
-6.760509250904869205e+00 -5.438613793460909562e+00
-2.729654446953473368e+00 -1.476420060223812669e+00
2.687555579533061234e+00 3.828311155356066475e+00
7.402723844065146608e+00 6.751778014285280349e+00
-8.426177108027522067e+00 -7.141931575470088056e+00
-3.603054611886856051e+00 -2.865953146682704400e+00
5.652428038150221212e+00 6.494755823925245863e+00
3.962172346923882316e+00 4.304659113652464342e+00
9.700601022086136282e+00 9.888334345754364207e+00
8.497280040134768342e+00 8.883451708153684123e+00
-8.890773212995359387e+00 -9.042150229279473095e+00
2.618610424594338681e+00 3.494884709341988582e+00
-3.754662341096715039e+00 -2.422116062275618376e+00
9.986261207333917866e+00 9.598381400566408317e+00
8.697698500401898514e+00 9.280116984247463563e+00
-4.485540812819990286e+00 -3.196952550351638500e+00
8.320736997718686467e+00 8.773411027161294840e+00
3.068395174339030973e+00 3.411457369054159638e+00
-5.219833854881890112e+00 -4.030404208150345724e+00
-5.895053354682408653e+00 -5.754637745292048301e+00
6.468135995925297976e+00 5.962123460525884155e+00
1.534580936770133519e-01 5.103386369409875778e-01
-8.124570310489922065e+00 -7.826426715136184598e+00
4.419224021360676602e+00 5.381338737937122474e+00
1.629345214695089084e+00 2.430502274903119098e+00
-9.913316852822930514e+00 -1.035356830769680059e+01
7.927931329994457599e-01 1.714075468621730325e+00
7.128929922860077539e+00 7.990191566065588447e+00
1.940762537694578072e-01 5.650662740022364128e-01
7.679330803471099642e+00 8.670648428572793165e+00
6.329468191724281212e-01 1.356271020949007422e+00
1.777100250524139113e+00 2.093941684711134066e+00
9.699377766317386573e+00 9.863676044211221239e+00
1.843233416867933627e+00 1.923434317722827247e+00
5.848184374044976153e+00 6.530288028207330342e+00
-4.176890214049075567e+00 -4.829536126302238053e+00
-1.438925932909159044e+00 -2.278717664595372172e-01
-9.107083971576452441e+00 -7.822406404695788851e+00
4.219101414775131786e+00 3.685639562634356103e+00
5.065013360363170847e+00 5.896631276029768109e+00
-1.451597582318655100e+00 -2.586791773089203161e-01
2.458412924440086300e+00 2.554635025797641568e+00
8.582913412841968182e+00 7.929183235561810150e+00
-1.386377889714749401e+00 -1.141002796235651706e-01
-8.440629017947223645e+00 -7.259183025258751698e+00
8.195225293562543811e+00 7.600833315863894768e+00
7.233826714587060280e+00 8.448563990000341306e+00
-7.558523942230522152e+00 -6.674980012238195926e+00
6.976717407859275966e+00 6.310252746255748058e+00
8.051271449881461706e+00 9.297562148373522461e+00
-4.846786298591738706e+00 -5.510961292731087369e+00
-8.405089050711449516e+00 -7.072568166465219797e+00
-6.875463045673921414e+00 -6.689691174688544351e+00
9.448449770182367757e+00 1.074760838869441315e+01
-8.166065170943408447e-01 1.352377052570730709e-01
9.279596919399470067e+00 8.652674420578925663e+00
-8.028908560584024912e+00 -6.697418318909323709e+00
3.224355899955922311e+00 2.731847645496738863e+00
2.115119199746153811e-01 5.895676240343266095e-01
1.200999029585736011e+00 2.526100701893771117e+00
-6.577431952471444632e+00 -6.903247237379258827e+00
-5.608897181027623802e+00 -5.231776800529735816e+00
-9.174810765565924342e+00 -8.239600724474952287e+00
9.088852579393396525e+00 1.022130725605664914e+01
7.626435823724683871e+00 8.958842249404069591e+00
7.821381598343393193e+00 7.158501098686732789e+00
-1.233985957628130237e+00 9.819199625391950015e-02
-8.216436178188402550e+00 -8.882510583935182780e+00
8.991311794014304581e+00 8.581524942977134529e+00
5.287462163944105953e+00 5.932586812823181788e+00
-2.196146202020385907e+00 -2.856695284837909909e+00
-1.496759366156465987e+00 -3.792891768701848187e-01
9.374402098125834470e+00 9.622658795284735334e+00
7.602485864422963147e-01 1.639913337237245194e+00
-8.783379572462397533e+00 -7.465977163589940346e+00
-4.903797399700080106e+00 -5.455006560121612225e+00
-4.990557716068575900e+00 -4.882352874465250459e+00
-4.557561204995779214e+00 -3.285202614178687419e+00
8.241358972594653665e+00 7.644461728254560384e+00
-8.011842978559329254e-01 1.308643996552823485e-01
7.109586327402343642e+00 7.719981888358436350e+00
-7.796427069563646839e+00 -8.351570209628281560e+00
-4.610014693161943455e+00 -3.603196484877531525e+00
6.574774676781562022e+00 6.223085133500571686e+00
1.733716932947775291e+00 2.202451337155862277e+00
4.510311410302636048e+00 5.840647515094099518e+00
-2.957983040584528212e+00 -1.999663165746719429e+00
-8.636044634921521634e+00 -9.031777578988988253e+00
4.023430265563746389e+00 3.894959735001711998e+00
2.504435712466094088e+00 2.826782197546005015e+00
3.150734987906604445e+00 3.002579157120353504e+00
-9.001102454631723759e+00 -9.282120450839588699e+00
1.650383556246170613e+00 2.389492029799808570e+00
7.040416625161935116e+00 6.731050830629784265e+00
8.281579421577490052e+00 8.108964752616699911e+00
-7.144969208126141780e+00 -6.104738170557046040e+00
5.508380711280864261e+00 4.962758122874673994e+00
9.901527282595949941e-01 2.154207524785245464e+00
9.535658129709290165e-01 2.075965551301918399e+00
-3.064945913844958625e-01 1.206395763895290185e-01
9.655068452684297142e+00 9.132427272810593522e+00
5.516733965370299586e-01 1.184673674659986187e+00
1.425341968766705492e+00 2.654370842071828385e+00
-9.824873690463086007e+00 -8.732896372758869319e+00
-9.887945013390329052e+00 -9.927466982705372089e+00
1.232989367854948171e+00 2.565046153263535800e+00
-2.145410958294753812e+00 -2.806077467170682294e+00
4.520920880201536818e+00 5.854085428164796490e+00
-6.052007101404273115e+00 -6.596986701288057198e+00
-8.700079786387782121e-01 1.500065938626947704e-01
-1.660353151969523822e+00 -9.516274520601175624e-01
7.558366339460114602e+00 8.439919290766550120e+00
7.431815175603531998e+00 6.797234800210992134e+00
8.616588255159225440e+00 8.036086270156616251e+00
2.263192039327092786e+00 1.679264784675343680e+00
-8.074260614491009846e+00 -7.037817609289731102e+00
2.407567780840198068e+00 2.273098720330284372e+00
7.443795951668320754e+00 6.869094047698582450e+00
-2.732127586065871583e+00 -1.473680211065543366e+00
-9.615962703432003877e-01 1.701576040901545683e-01
8.704503413152831826e+00 9.399597601672553537e+00
-6.467283996995758955e+00 -6.967254708808936492e+00
-3.234970942605659872e+00 -3.764172938234418897e+00
-2.896548698686665091e-01 1.274800103199572321e-01
-5.226470025294897681e+00 -4.074895445415472217e+00
-6.909300451734523563e+00 -7.152552256561052424e+00
-9.510943333000128064e-01 1.684049239503712103e-01
-5.113691685409418319e+00 -3.929770923209898736e+00
2.000832932128382424e-01 5.734392582776660641e-01
5.550805488187899428e+00 5.315800435412879388e+00
-9.147680250402700608e+00 -7.904486433864828854e+00
-7.578482801279900372e+00 -6.471403086936436289e+00
6.268729625078336198e+00 7.601696779334344178e+00
4.014980798892873182e+00 3.947772815210785602e+00
-3.715685002964241868e+00 -2.436585721580102781e+00
2.653425412978984710e+00 3.673852229317587703e+00
9.945734621222474203e+00 9.279972279588839967e+00
-9.222794202321191293e+00 -9.124181588838862211e+00
-7.716328292843837033e-01 1.225547325434543366e-01
1.549866141182141277e+00 2.557123681024378481e+00
-3.872468193562113470e+00 -2.885820981634800830e+00
9.026294617908579454e+00 9.153697479445792595e+00
-5.050500793142180811e+00 -4.351065189216204665e+00
-1.012678446583102243e+00 1.756376660648765187e-01
-9.681429361665085054e+00 -9.842983321060144064e+00
1.229755498632016497e+00 2.561378327011030187e+00
-8.197649238140158445e+00 -8.806136802500693861e+00
4.768989488017744804e+00 4.419140137747264774e+00
5.475578159184681937e+00 4.818257570721179661e+00
-8.625153847768752158e+00 -9.135952881616450583e+00
2.217434044998274345e-01 6.042270645406305762e-01
4.807961579664663532e-01 1.043241128184801303e+00
1.988095952436701452e-01 5.716578931811917563e-01
6.880799367469641936e+00 6.994429593616067642e+00
3.345313667090188403e-01 7.795424832160400275e-01
1.378812418960791319e+00 2.658081966444623134e+00
-5.245207314383215191e+00 -4.221407225106615257e+00
6.781034134007736469e+00 8.023612129294761530e+00
5.665590808556892455e+00 6.630041368412476821e+00
-4.139815855981218817e+00 -4.796602801414588946e+00
3.039718091918929943e+00 3.556891685026632555e+00
-5.288527389278576685e+00 -4.654126517926930440e+00
9.608806881548623835e-01 2.091805503961496449e+00
-7.932614627822793807e-01 1.286215572712837152e-01
-1.888973470715271219e+00 -1.969443651890563363e+00
6.385213389062833755e+00 6.788244641724040740e+00
-4.487559317496188527e+00 -3.193770723544006707e+00
-5.487467028990149487e+00 -6.118657116731871071e+00
-9.804052602187381282e+00 -8.515640685970637946e+00
3.259371960204582308e-02 3.669894032930497985e-01
3.565509317652658439e+00 4.044805405450651037e+00
-6.660092746310175116e+00 -5.960916594871735974e+00
-1.307030336874383636e+00 1.686037248227800767e-02
6.551684066081179481e+00 6.013772406958765693e+00
9.275289444123227867e+00 8.673717302684490704e+00
2.176152580932299685e+00 1.509756208335244487e+00
6.124495009989061600e+00 6.269290853026990185e+00
4.159007729884621085e+00 3.492513772414952200e+00
-1.619176670340742419e+00 -7.890850772787665335e-01
-1.760300998226238534e-01 1.882848710634778266e-01
-1.304501936055073585e+00 2.027243635790032528e-02
-1.416405530567800497e+00 -1.763742924851076088e-01
6.292029150575572771e+00 7.574685106801611667e+00
-8.834821151929428851e+00 -8.034614710616580169e+00
-9.983439644704944271e+00 -1.040918568860125148e+01
-5.447122322201220612e+00 -6.098691114276384440e+00
6.162945859120931402e+00 6.775314933175802246e+00
8.556026186910493436e+00 8.076553437626410314e+00
6.326828550622650482e+00 7.385788753466828283e+00
9.793303234420985603e+00 1.112257019649054435e+01
5.062046535556950388e+00 5.867393876760059968e+00
-8.043053211496925314e+00 -6.750921798787184791e+00
-9.079585913858611690e+00 -8.059166175248931197e+00
-9.849174229304678008e+00 -9.142006937370249275e+00
8.190449503166775003e+00 7.628076441173553768e+00
-6.597945523446908211e+00 -6.699048204075353397e+00
7.406483010170600068e+00 6.747234625257675589e+00
6.454059786771438212e+00 6.060227957782956310e+00
-9.613574106647808648e+00 -1.024760671452249916e+01
-9.653765946298273448e+00 -1.018913800194499153e+01
7.017948691941015227e+00 6.502393672719449569e+00
5.058314131188643259e+00 5.830032107144844211e+00
3.576288782898711105e-01 8.185122174898568082e-01
7.160677246851502531e+00 8.340744641804946014e+00
-8.732785390166373674e+00 -7.639449541940162902e+00
-2.696663493754334340e+00 -1.527958433883967349e+00
-1.412657116353216225e+00 -1.682041709186355982e-01
6.452396965845338173e+00 6.073463717846164123e+00
-6.519985696982404377e+00 -7.181784223428334890e+00
-8.802240312413619705e+00 -7.596364898083628248e+00
6.957191165109399833e-01 1.494398108605785147e+00
-9.695113434209741143e-01 1.713519240824564749e-01
5.589069640516212800e+00 5.745117947826948068e+00
1.484947169826128288e+00 2.623783955558625536e+00
2.313881577532514555e+00 1.846110988273976128e+00
1.355915559185934427e+00 2.653627897244481559e+00
5.866868935760550130e+00 6.337138734249386118e+00
-2.119733824996322014e+00 -2.762490150429985025e+00
-2.244503161308440298e+00 -2.858691009321085996e+00
1.911089296077630451e+00 1.755661063909995434e+00
-3.489639962461740907e+00 -3.535369654602998679e+00
2.550302736413501137e+00 3.102703654609599404e+00
-9.137242360361961246e+00 -7.831860586464275187e+00
-6.943765130389392581e+00 -7.497974712949702969e+00
-7.466126505994823859e+00 -7.854055318565942301e+00
9.437840520798108201e+00 1.066608827893971068e+01
1.003166168552091619e+00 2.181380332124458032e+00
4.579600201972215956e-01 9.994866149423111690e-01
-9.424659496633607247e+00 -8.333736589755860180e+00
-5.074889524067742741e-01 8.055170869120159560e-02
-1.763039901383001151e+00 -1.396429752884550402e+00
7.665406875298906186e+00 8.801433671818706728e+00
5.524205772467558617e+00 5.074786201496619853e+00
-2.546982911299860319e+00 -2.011123624038160695e+00
8.920104671067932145e-01 1.939685304794330101e+00
-5.928020499919193220e+00 -6.145975687766356721e+00
-3.054714706003203162e-02 3.037193143313916543e-01
9.536121773902262788e+00 1.003722638672014611e+01
-6.436257198126491552e+00 -6.654874963001402577e+00
8.988908162586479733e+00 8.550904647838851957e+00
2.976000494128619778e+00 3.847448754801767290e+00
-2.293378068365270472e+00 -2.814032567585601718e+00
4.805041227341499521e+00 4.248407642132223216e+00
-4.199604181418337134e-02 2.931009581328872793e-01
2.335367590191822273e+00 1.931280289567635311e+00
2.370835528435041084e+00 2.089217564119784321e+00
-5.062637659897577080e+00 -4.252022527906454741e+00
5.992059493870179665e+00 5.350273699842531983e+00
9.008572519748515361e+00 8.838937145293108699e+00
-6.332978676700231624e+00 -5.329736815005039929e+00
4.651341649659384458e+00 5.333361625302634579e+00
-8.319235007498686940e+00 -7.891410124848594165e+00
2.936107357614883284e+00 3.989613625240145289e+00
-2.196332179631359516e+00 -2.856790709337074574e+00
6.656143164181621330e+00 7.305888413534441739e+00
-8.228410240669781217e-02 2.578198527054051947e-01
2.726101370620435560e+00 3.971561677152715575e+00
-8.217140534125853435e+00 -8.883546299515305833e+00
-9.435667163896539478e+00 -8.226471205137494636e+00
6.512109569347764193e+00 5.845450624257651384e+00
8.716163832658551769e+00 9.591894691349853730e+00
8.648369612340239598e+00 8.413823959944329189e+00
-3.603579718223956618e+00 -2.863019088882126084e+00
3.728040418868232564e+00 5.032976971706800029e+00
4.198388165198794653e+00 3.591563829631631233e+00
-4.423791256686362416e+00 -3.430792752572480619e+00
-4.981027514680529400e+00 -4.964259252884914098e+00
-5.619000911854250546e+00 -5.129070069165922341e+00
7.744856885946663994e+00 7.789797544117203820e+00
9.188842101487178837e+00 9.900682182998734149e+00
-5.672839391831878686e+00 -4.646839056714317628e+00
5.451793825996944065e+00 4.792691244325737898e+00
-6.544225897435971717e+00 -7.125850855359386671e+00
-3.558774961566308903e+00 -3.127092258626056775e+00
6.312445414057453519e+00 7.483849551043011417e+00
3.889736564483055048e+00 4.769346716074701398e+00
-3.164184488459014233e-01 1.168683325062171013e-01
-7.781862767896480904e+00 -8.211003098996732419e+00
-5.540383945104789376e+00 -5.866489620075045153e+00
6.874311337440826009e+00 7.075763428318504467e+00
8.281159163589364880e+00 8.102552816876974262e+00
6.570690729754964821e+00 6.180895933231905559e+00
1.305532732680578789e+00 2.629952269610806415e+00
3.501103757823340601e+00 3.530670964846318149e+00
6.589367068221836377e-01 1.412952618536337690e+00
-3.828688123343031435e+00 -2.628374485937644334e+00
9.020154570070118893e+00 9.040610980274957242e+00
5.680069829291092276e+00 6.762876851377718879e+00
7.010738302497443897e+00 6.446147241997703503e+00
-9.789816052844269478e+00 -8.456723006006026111e+00
5.003154854941280760e+00 5.235478024236448924e+00
-2.390452197611383056e+00 -2.595844376770060968e+00
-8.958979427809023122e+00 -9.614010128258179577e+00
1.928036957287101671e+00 1.716919800901219872e+00
5.374963747534032166e+00 5.130602549413577407e+00
-7.395259488011052262e+00 -8.020737591280530765e+00
-9.531173415420006734e+00 -8.937938501756439891e+00
-4.331629852798640101e+00 -4.084727285686286180e+00
-1.876261518665511829e-01 1.809034835332265778e-01
-3.389952855958071609e-01 1.090030823244162450e-01
7.366284473860499560e+00 6.944999751048387182e+00
7.701652615339547481e+00 8.401079265285735787e+00
-4.757120255035085066e+00 -5.020215724781452948e+00
-6.170626591519685178e+00 -5.468676374981233934e+00
-4.140775610674380935e+00 -4.798645657239875462e+00
-7.358731812254564630e+00 -7.702530946388897348e+00
6.617407807540931941e+00 6.759711440055321319e+00
2.463792551175764345e+00 2.585819264891217273e+00
-6.124956652985559913e+00 -5.974604366036192715e+00
3.799333342216321796e+00 5.088660707086514634e+00
1.687543102836171371e+00 2.310459232974182875e+00
-9.442648922297285807e+00 -8.177630473892346430e+00
3.746921996707790470e+00 5.075482334449837651e+00
-1.531147008691659650e+00 -4.824241050689487276e-01
4.527517941653204758e+00 5.857805635855624082e+00
7.559350084910221312e-02 4.146411804534595458e-01
7.363961746045760037e+00 6.965564523253465978e+00
6.594999325303234627e+00 6.459224151521159030e+00
8.736515312929270749e+00 9.870556633614256725e+00
1.545812691573416942e+00 2.562287532028317827e+00
9.067469703609532417e+00 9.912877187308152926e+00
6.480904971529760417e+00 5.896867166478023670e+00
4.209244272539789833e+00 3.637390999336510333e+00
-5.630088198972035940e+00 -5.018509748462520292e+00
-7.287221127793570119e+00 -6.655041620184607432e+00
-6.066721113446345015e-01 8.645890958044133434e-02
-3.610897788616737714e+00 -2.822706929629564598e+00
9.940553205231921652e+00 9.284463235645054269e+00
5.365833539373827676e+00 5.204166126911704104e+00
-9.892822051576191100e+00 -1.001998648815187032e+01
9.622760903669050236e+00 8.959249194421040841e+00
-8.181471877709917351e+00 -8.669067747101351529e+00
-5.364596263765621487e+00 -5.514684538891309273e+00
-3.793040671831827026e+00 -2.490792590495303216e+00
-6.829185982807961963e+00 -6.028663811856853627e+00
6.006778440940397701e+00 5.341212703832400877e+00
9.295847372880096771e+00 8.629360828714865761e+00
9.122336017859588253e+00 1.045505021546204993e+01
3.217415616161982683e-01 7.584077456833757669e-01
8.937315720984308598e+00 8.298134799133817907e+00
-3.959862144216059754e+00 -3.599077193182371737e+00
-2.514401342328720368e+00 -2.142049113536838689e+00
-5.012500293044834798e+00 -4.686748928010269211e+00
4.539355430698856608e+00 5.855552191011952345e+00
1.873892924264918491e+00 1.845720807328363522e+00
-4.029474395895449312e+00 -4.200552879665603534e+00
-2.288819544484406165e+00 -2.820154867569119261e+00
-6.236781681897092255e+00 -4.972014278527350228e+00
-3.323547330249030374e+00 -3.988944560087755775e+00
3.644754709414950611e+00 4.635867070080991859e+00
-2.961464844043262268e+00 -2.019365743045489214e+00
-4.513581587166639153e+00 -3.181396844307641913e+00
7.067374376479879317e+00 7.088323434737776374e+00
6.476932448657954922e-01 1.388336408256025223e+00
-2.424596464924075434e+00 -2.484838185656735199e+00
8.921991241937377026e+00 8.381938842691342373e+00
-5.848247787323341385e+00 -5.166839364911733234e+00
-7.439085485077878701e-01 1.150075096257971441e-01
7.346397614971778012e-02 4.121942390751751062e-01
6.799608094236148759e+00 7.909521725618775534e+00
4.286553949425986332e-01 9.447019723514783474e-01
2.950760076402385579e+00 3.941817190917686453e+00
6.752350503735446097e+00 8.084837548338985158e+00
-7.462277721655077301e+00 -7.888792190921398273e+00
9.654307005989011259e-01 2.101611687265379835e+00
2.333887115864072825e-01 6.211654039384946202e-01
-1.120484458531297633e+00 1.635488842794907693e-01
6.425871898279680750e+00 6.323226829193741239e+00
5.198214500917607950e+00 6.481442860677145035e+00
3.516370118081663776e+00 3.649552676685749564e+00
-4.550474819219836320e-01 8.387747899935341089e-02
-5.316875412543852875e+00 -4.978372372443506499e+00
4.442245200426329532e+00 5.548851284089020730e+00
6.391940593152600769e-01 1.369823954777028563e+00
-1.850855946919079287e+00 -1.797792337039442412e+00
-9.526066077792576081e+00 -8.840222643026317328e+00
-2.340952713000095109e+00 -2.727149660758978911e+00
-9.846135691845741889e+00 -9.084164834993091020e+00
-1.134519683969125836e+00 1.588507957156977124e-01
-3.255632071267930527e+00 -3.844742498344765114e+00
-8.151152432859351649e+00 -8.268778772972339652e+00
2.024304948156609996e+00 1.540621694485759141e+00
4.064458564356559833e+00 3.672223404267882074e+00
-1.610366825849709471e-01 1.982265573012658710e-01
-7.431728374397279069e+00 -8.066632142560314023e+00
-2.565860146616147475e+00 -1.936573884034634263e+00
6.284453704920640149e+00 7.592703661993699171e+00
6.312310389109704545e+00 7.484643303180039453e+00
-6.502507889312402867e+00 -7.160879479126449176e+00
4.270717230336593673e+00 4.030748557533280874e+00
-9.967182424741595881e+00 -1.056081384334707529e+01
-3.597057294474024225e+00 -2.899824888154900915e+00
-7.778015818490235489e+00 -8.167084393205900739e+00
1.073564023499173459e+00 2.320695792932646384e+00
-2.478465853058788859e+00 -2.285064107538004041e+00
4.908756058190304472e+00 4.381281392747202297e+00
7.184618633628833351e+00 8.494384629998871006e+00
-6.986791662823604199e+00 -7.646198374572017009e+00
-2.020038391659264576e+00 -2.493650789714094262e+00
3.188514666774935336e+00 2.846196683832622476e+00
1.050939642732792834e+00 2.277500858562745201e+00
3.933777772913247261e+00 4.498354673624689326e+00
9.960547797786681201e+00 9.325551246552288731e+00
5.096995899909632755e+00 6.179378566658593641e+00
-4.881897250455457637e+00 -5.512074061531670566e+00
-7.096974599324450850e+00 -6.662249789883111006e+00
-7.156175920133003743e+00 -6.012128197700135956e+00
-3.538416199348299429e+00 -3.251048079265278723e+00
-5.401856004320750415e+00 -5.855388905418767109e+00
-9.718202617752197625e+00 -9.190433217839782287e+00
-9.215304618407898829e+00 -8.980648004999494560e+00
2.276780319725657975e+00 1.719152871058749366e+00
2.807602301614213758e+00 4.140525278981430191e+00
-7.448489705173009234e+00 -7.991716994530820628e+00
-2.539471903355940974e+00 -2.041163987409864600e+00
-4.168805887424364975e+00 -4.830458439966094808e+00
-8.994232123790180111e+00 -9.367863664636141507e+00
-4.089406221515085704e+00 -4.605701127897878777e+00
4.027624941909998313e+00 3.869468650244661578e+00
-6.026264652219741613e+00 -6.675395284060590129e+00
-3.918097591819272196e+00 -3.235791684749837138e+00
8.283785373248896633e+00 8.143021613006817816e+00
6.368814779262450543e+00 6.977449128955957924e+00
7.835726999941726945e+00 7.178506919533115926e+00
4.775613143493655954e+00 4.380992989821291594e+00
8.404450934378687066e+00 9.736482050603251892e+00
9.018149882575027476e+00 9.004472674454774506e+00
4.969856794171256809e+00 4.883354074884954876e+00
-1.985688052397735603e+00 -2.370660720136469557e+00
-6.638028342270687610e+00 -6.223660835149794401e+00
-1.394107767865007119e+00 -1.294414653136335414e-01
8.023527158223057398e+00 9.356531257442435745e+00
-6.731677085822706630e+00 -5.426442111787537215e+00
7.170286974848607997e+00 8.415373669394396572e+00
-5.726750524565766831e+00 -4.411612044601714189e+00
-5.193068795471827315e+00 -3.894492773614719461e+00
2.681619570677897357e+00 3.803164939017694479e+00
-8.840254253488243563e+00 -8.126990501531354383e+00
1.324889975803158038e+00 2.641244599416063821e+00
-2.216794785781354804e+00 -2.863170813825188343e+00
-9.350851576938485010e+00 -9.519742544137338669e+00
9.958517503109312941e+00 9.314218238407356409e+00
7.895713817150763703e+00 7.758812720771765647e+00
-8.233970400986480698e+00 -8.868545462628887321e+00
-5.211224087211050460e+00 -3.978892229083606402e+00
1.460362049137618357e+00 2.639960495900384618e+00
2.669204747109315434e+00 3.748160682801315868e+00
-7.259475611256909211e+00 -6.276518886956922394e+00
-1.577430486392735531e+00 -6.362824332669017036e-01
4.571715343703310452e+00 5.791937858917455273e+00
-9.812059369133308451e+00 -8.581757869366938962e+00
-3.716601865027495677e-01 9.936559656088136960e-02
-7.347024401132378202e+00 -7.554747209729614887e+00
-6.023028843868758031e+00 -6.678680615343203897e+00
9.426127560240111336e+00 1.053482186109851071e+01
2.346191474135297383e+00 1.977262091221918316e+00
-2.142606257553807403e+00 -2.801885425157632170e+00
-7.830945340739640770e+00 -8.495650251636321926e+00
7.483278740958258624e+00 7.294601019157874511e+00
-2.215629928192459630e-01 1.608407860739005102e-01
-6.436974874761352439e+00 -6.663273007040626972e+00
6.551150181170108056e+00 6.009826183780305087e+00
8.430332108176681771e+00 9.690589728905081301e+00
9.648394014518842710e+00 9.066419123421233905e+00
9.197373207643369852e+00 9.759976625615976786e+00
-9.639600581376406296e-01 1.705260595288918823e-01
-3.219189861559073051e+00 -3.692473128697630003e+00
-9.573046688623724876e+00 -9.751304799437766846e+00
4.560457540527405484e+00 5.823409123156153555e+00
-2.585916356095074420e+00 -1.859687613413470775e+00
2.602783792048750655e-01 6.613047415068485924e-01
-7.107106312091797662e-01 1.065260598142240278e-01
5.794691885494957617e+00 6.958001489315630117e+00
8.225023319069041605e+00 7.564050788102721690e+00
8.918825995935620199e+00 8.407654007335253254e+00
-9.878105445313165589e+00 -9.731268671580574292e+00
9.959791389213712876e+00 9.321142833500170255e+00
9.743206148351820417e+00 1.070710873514943273e+01
1.402180728853421599e+00 2.658389570446960892e+00
8.194373145194298047e+00 7.605284615340930365e+00
5.251553778756592905e+00 6.225669389433218015e+00
3.790627406117321740e+00 5.097240647978733108e+00
8.725104831985518672e+00 9.724734297859573218e+00
-3.375359295476596522e+00 -3.964066879867170989e+00
9.925219742354407515e-01 2.159182607913348484e+00
-3.761621119611917585e+00 -2.428367499550910580e+00
7.327743067001513566e+00 7.376328582691872526e+00
-7.298773275501339697e+00 -6.830865699779080202e+00
-2.864751532516498500e+00 -1.593016091476838536e+00
-8.529212330590931757e+00 -8.667238777302177510e+00
-9.137221350589591395e+00 -7.831749506213415479e+00
7.320980910275572739e+00 7.465763336447377441e+00
-2.334150330048540667e+00 -2.742064875588912543e+00
-7.383650701966388397e+00 -7.946559017998962915e+00
-7.231055888491138006e+00 -5.998099354254481597e+00
3.305646311744110832e+00 2.641309596977365004e+00
-4.349662459585763585e+00 -3.946378706715843343e+00
-2.675468908096290122e+00 -1.574625039362741230e+00
-1.413784929737548879e+00 -1.706503960163820999e-01
-7.884710356793210195e+00 -8.167015288068265377e+00
6.302549268168576191e+00 7.535362252130950900e+00
3.975145975165279566e-01 8.882089983851632065e-01
-4.881187600051326569e-01 8.122663871742780151e-02
5.018825321724795785e+00 5.407995980541711489e+00
8.970658070705674447e+00 8.368834136300961291e+00
-8.278478154814612466e+00 -8.494705099056272246e+00
-4.794613595222010360e+00 -5.301219340413068082e+00
-3.100612003502549285e+00 -2.955172002316575952e+00
5.103932615996036759e+00 6.231281798320741139e+00
3.775148550150033699e+00 5.101924815569980787e+00
-2.178026499693324070e-01 1.629508875791976230e-01
2.024308815215341895e+00 1.540616534042229535e+00
9.897722463229058576e+00 9.686769852640761513e+00
8.697036705054351557e+00 9.268290008271669933e+00
-4.761627513047095306e-01 8.196394427068676158e-02
-7.644165457455414092e+00 -6.359665097544313639e+00
6.661840934890523869e+00 7.382590680305338715e+00
9.854386804328139959e+00 1.046449187037266348e+01
-2.805019915583812917e+00 -1.471786763904465722e+00
-7.012126364823350499e+00 -7.567980530032278885e+00
-3.387104364981061266e+00 -3.942192429029122369e+00
2.550594734663047092e+00 3.104448683174190649e+00
-4.854472360766912686e-01 8.136993760292016153e-02
-5.140856822859594111e+00 -3.845133243170139714e+00
-3.163253714712787712e+00 -3.379111571624711985e+00
1.363066088093447092e+00 2.655453565443511188e+00
3.516119762424681383e+00 3.647577634537281011e+00
3.141281432706382049e+00 3.046079446844646377e+00
-5.448120798350302607e+00 -6.101514499240402678e+00
1.688910619472494545e+00 2.307404161761333228e+00
-1.868407398904954775e+00 -1.877364548340566319e+00
-3.748410663282164990e+00 -2.418823421415092767e+00
2.149280220929739471e+00 1.486933407267223561e+00
-9.393936075171243516e+00 -8.782862803463579837e+00
3.500282731761856780e-01 8.055751023845414416e-01
9.660366275544127745e+00 9.195016842885330277e+00
-1.584454151134192301e+00 -6.610894459751807117e-01
-2.493207329577026954e+00 -2.226926168880180246e+00
-5.036661103987791321e+00 -4.470276820507539384e+00
4.822675530046176107e+00 4.201785983714441564e+00
2.389823516334253384e+00 2.181901889986733956e+00
1.688006704455100149e+00 2.309424622027391738e+00
-9.143077110061472723e+00 -7.868213869806780281e+00
-9.956862524925787383e+00 -1.060756161311232937e+01
8.095249923361290456e+00 8.854861434273535892e+00
-6.613113491159420931e+00 -6.526241348446559343e+00
7.921602038365691101e+00 8.174946697763168402e+00
-3.909448612927590716e-01 9.463201717805938551e-02
-4.641336266541382649e+00 -3.873806326834677627e+00
2.045363571370867106e+00 1.515322584344557022e+00
-3.728676194643854025e+00 -2.422628814859041135e+00
5.604659589567081213e+00 5.934275510490692795e+00
-4.463318680445267361e+00 -3.251990136152892674e+00
-3.042503395617861983e+00 -2.542007482397577789e+00
9.717843469971221282e+00 1.023876099545483243e+01
2.034673792093890654e+00 1.527453276953480321e+00
-8.437320924074011685e+00 -7.227630256961767863e+00
1.106869712956878971e+00 2.381063294997665114e+00
-7.124354049474376893e+00 -6.319567261550631976e+00
9.093521236586767031e+00 1.027406886215125681e+01
-3.355661612956010842e+00 -3.987449434644525947e+00
1.239946317131918718e+00 2.572724275513603942e+00
-1.677995638719327332e+00 -1.024478699286595074e+00
-8.993726800900425644e+00 -9.373757745101022110e+00
5.748998171465913742e+00 7.080267726779117865e+00
3.982221214775909957e+00 4.165995257236648541e+00
5.809940933530929996e+00 6.862095709264828258e+00
-2.232116676380564435e+00 -2.862566007575080285e+00
-6.960091231891826880e+00 -7.595219393809547803e+00
-1.973170397037389279e-01 1.749404721299191723e-01
-5.140482033794895322e+00 -3.845812434467361207e+00
-5.023627777718182585e+00 -4.586387512806383349e+00
4.221558362121518471e+00 3.698623584341274473e+00
-1.908847197322058875e+00 -2.056785623292751719e+00
3.187627248159685678e-01 7.535309778308645345e-01
4.635351622967323948e+00 5.452198228925205115e+00
-6.500048140136856389e+00 -7.153802308944850807e+00
8.105359048903199692e+00 8.711779249293689631e+00
-4.138183752498587609e+00 -4.792985932609076904e+00
9.744874778010537142e-01 2.121018619002287942e+00
-4.457515524962289533e+00 -3.272132407925543163e+00
-9.134868071501260900e+00 -7.820218558518257090e+00
-6.628708269538399200e+00 -6.337885949171877975e+00
1.614483446835599523e+00 2.457688662897150156e+00
3.476050530501291647e+00 3.344553221169866752e+00
4.047003552230972190e-01 9.010848129166701970e-01
-3.194934359499574938e+00 -3.566887810863038411e+00
1.264506415781115223e+00 2.597442714997936886e+00
1.389086122356172126e+00 2.658751000421262667e+00
9.102603964400199033e+00 1.035900834850458452e+01
1.268416672415280999e+00 2.601024877761652476e+00
9.281457957697025307e+00 8.645468568390677788e+00
4.383553102060183448e+00 5.074752752334904748e+00
-6.673806779868955985e+00 -5.811492087483104640e+00
3.651378985681290601e+00 4.678112951960216037e+00
8.560528082327703459e+00 8.038623364182010178e+00
-8.026287980115665022e-01 1.312738861256939615e-01
6.982981784673881975e+00 6.318582169407045868e+00
3.777856004438493898e+00 5.102086758828474622e+00
8.935226749491416598e+00 8.305414792993815354e+00
3.500486665780716322e+00 3.525940259321981518e+00
8.915958764705315787e+00 8.433264747217027235e+00
9.374707261069129771e+00 9.628666109117876459e+00
-4.871270036682338045e+00 -5.523970195099599856e+00
-2.191488391459652796e+00 -2.854086877412641776e+00
-3.777927884456069307e-01 9.778384337462184273e-02
-2.008011050379623796e+00 -2.452073964646341864e+00
9.582894783962299101e+00 9.252579744308285115e+00
-9.580884647884023053e+00 -9.881898440343093171e+00
5.749021643840837470e+00 7.080273832657590027e+00
-9.538770809754865354e+00 -9.087672998501741262e+00
-9.128793430985515656e+00 -7.798874836254061194e+00
1.089123475346198688e-02 3.443431870809721684e-01
-9.179700245195196118e+00 -8.318484746611819247e+00
-7.227015948849436100e+00 -5.970102493161967061e+00
7.399721718104494528e+00 6.757593796219554250e+00
-3.198733386543848312e+00 -3.587696615852443482e+00
3.712987168051462561e+00 4.985386552563269014e+00
8.855750658283074728e+00 9.304324003634125262e+00
8.505870123857466325e+00 8.746142774105528872e+00
-9.269253424400524466e+00 -9.825332180664601012e+00
2.216140014526295943e+00 1.569186373443752114e+00
7.967368490402929382e+00 8.903583100494920188e+00
-4.699867058572180234e+00 -4.463980631250950459e+00
8.055356410946945545e+00 9.272843149153617404e+00
-8.596646966192533768e+00 -9.260509063228344218e+00
9.307720964048378676e+00 8.669685802598039004e+00
1.950907173045155929e+00 1.667617306658278897e+00
-9.737863446911816823e+00 -8.858008590535991544e+00
9.251961994852660354e+00 8.885008577265105956e+00
9.783651060165777125e+00 1.111211278341786013e+01
5.556614326435102669e+00 5.375842749110185004e+00
-6.773728494974056602e+00 -5.494451450876887577e+00
-5.326506505686983139e+00 -5.090357211685326178e+00
5.304669445210169698e+00 5.772410721159112690e+00
6.598605875353698025e-01 1.414981539148948642e+00
-7.952323544713067349e+00 -7.222586159915609372e+00
7.107723309810509704e-01 1.528085772822091792e+00
-3.836883736178824833e+00 -2.669567764204903604e+00
-3.498473925695417819e-01 1.055737906939485243e-01
3.925411226263575415e+00 4.553414373740611865e+00
-9.041110332542071859e+00 -8.647546423555453998e+00
9.066493760516468825e+00 9.896620548093789438e+00
7.933718135388989623e+00 8.378847650482020626e+00
-8.055498730925121365e+00 -6.839085549644630113e+00
1.331772063809550488e+00 2.644607729925163575e+00
1.932740285292206650e+00 1.706482500827848803e+00
