6.967433949791255188e-01 -4.642141778127332863e+00
4.163431410703146707e-01 -4.842259004142515977e+00
-2.881990486659231632e-01 -4.920458402324641156e+00
-1.613352788056701126e-01 -4.974311850860126505e+00
3.387569546497366524e-01 -4.892002899924783321e+00
7.662629225716166559e-01 -4.600840497017435915e+00
-7.515167659475217032e-01 -4.608933562871201595e+00
-3.737049064567710133e-02 -4.998604421950001431e+00
5.899500620995077327e-01 -4.716592397090161981e+00
2.296312912392057815e-01 -4.948677417665980904e+00
4.636707256386451981e-02 -4.997852406868893205e+00
2.602535419034228692e-01 -4.934599014179011256e+00
-5.385995205988958201e-01 -4.754457064701788305e+00
7.067163450800517666e-01 -4.635766215411740276e+00
1.832449836763485607e-01 -4.966989669709152899e+00
-2.932848254929039111e-01 -4.917758446828838892e+00
-8.884348639693040450e-01 -4.552335189676485427e+00
-1.043007497641346148e-02 -4.999891219453394875e+00
1.225785712652016635e-01 -4.985087796636842761e+00
-2.158712635062274288e-01 -4.954497659302226964e+00
