1.800693295516470060e+00 3.651362358407995501e+00
1.847077655361559989e+00 3.757761738309358002e+00
1.062538281304565402e+00 1.600905262153621500e+00
8.503772597410361733e-01 8.353882255604597740e-01
1.110703038500182371e+00 1.760649502004947964e+00
5.050561034323965970e-01 -7.301407001464608193e-01
1.170268358251158602e-01 -4.166431116722587369e+00
1.568564388386643804e+00 3.085051261489137886e+00
1.224453289643324005e+00 2.120505107798148714e+00
6.970696392520470130e-01 2.031878437476909438e-01
6.087193686124798830e-01 -2.021531195226390076e-01
9.303798886255654210e-01 1.136978557759793951e+00
2.348495974325992552e-01 -2.632983738281175157e+00
1.992614906224106752e+00 4.078566442946536696e+00
1.458408844523806813e+00 2.794266469110333162e+00
1.130661936637109566e-01 -4.239742211465400423e+00
1.177783544685150341e+00 1.975686549644288137e+00
1.948782531928111128e+00 3.983949811775729266e+00
1.172460810530728148e+00 1.958926235086753120e+00
1.859821528307961325e+00 3.786630480215863237e+00
